$ANSIBLE_VAULT;1.1;AES256
34653138306137626363643661313066626631383530643033383638356234653337653433313766
3765336134646166333633656238356537343830666164630a376433626466333262623539613764
39616264373232366630383966643365353637333065343939306163313264633338363036656538
3534633535663531380a343839346261613766646331363261363731643461326235383631386665
64613438323861353263613336626139623530376362626438343030346331373938633930366532
66663534653034653564353966643134626532333062623931663338386132333939633632633963
32383139313730343339386139386637313262653264613862396136383266386337616633643930
35653264383664653137383639356535653139373065373363613963313861303437613565316361
38666366376434646138383334373562353139393534616262353738393262343564626636313566
30393630613638353537396561333337383933336264353133666539383836366534313165626161
35623239383934303235643764326365643731643738353532353366376265353235353837633530
65333339336535663662393061643135356166373037373663353339306535396330303336613837
33353863326664613636303663363634363466656134353735626230613834633037306131356435
64386336333131636637636335333862653863303438653335633830336365343363313664666162
65626635616466383161396537336638613333323066356437356562393531366166666661313236
34363031316531386637323337613436313062623839346533303537323630626336623532366464
30663366613037356330363939333965373761643437663932626463643234643934613633356438
36386365356238363031326530616464613365323637333265356635636366326132356265613163
37313839393434336631306637376662353036386639646233386130343832343865333234303536
35363934666565303262303435316665666239313864653665623734326132303230316565313135
61303261326232376237323938653130353361396334396639616335666531356232346437633939
39333233643234353463643138363065306365376464303133653935613030633965636362623839
64396434613262343861363337303338316239666563383330396333323264613435396235376531
38346431333032653535663637646634316165653730643733306163623936636632373431303532
66346237636463376631653565333139653736333234613432313232666139663664643762653434
61646131393964373962326431376265666535356331386437663739663664383531396230666339
62353132653561333737323936323966616134656164366435653736393334323065383866616365
36356232353062323839
