$ANSIBLE_VAULT;1.1;AES256
64346535663639643233666539623939363162333339646364636131616639623134623337336638
3638626433323034633239643033356562643438643566390a616564386530396566653536366666
39373939323832353735643737643437313735346336343635373532313335303635363530363164
3066613639623031390a666435376262666431333334653739396135353432363332623037323764
63366533653461373038363239333166346561316366656638623166613830616465383038373730
35653361623730643732373433616661343162383666663062643932303632393532376465613838
38343936376232363464323333343934353433666538336230656637663930643134323662323931
33373935333937633861656632343130623331373432643233323563353464356461316434336434
35633535383461643539393261396531343166303835356536396132356135393964646637636161
64623065343836626530643564366539306661373162313866663637613466636136633235303239
63313264313138616161626563386561333539386162326632663430653263623439343131653730
61343562613963346231323366356563353437366664643530313435663566306339326665313332
30303561643839343662643039313033616161636534353636303735323038656465376537393136
32383365376364363165353563393730373437363239356562653163373939663236336265666434
38343365346632363036353531303661343836393732366561383163303738343964656430313265
64633539396232346135616231653364363934353135393064643565613262663465383232336563
33656332356435643832646363306466393461343364336364366131616534313465353632666237
38633336643263636536303032633631633065623365346332316334613438393433306230353338
33343961336566323830336163303039336235313266346438383761303336316336323262333930
63623439356631663633613235343463386338643731636565386532643465653132643938633132
34356135353932353037343336363436336335346534343439346665306439623537646530353234
39363933616538323965376239656265346139343837663433373233393237323432346638376132
62663361633138366535373465636437316664373563653634333761333365303633633839363966
63653161383435623664373630386539353334643035396265323232356330656432393235316234
39646433633835636636626332383637643032383431393062636339623237313439633039343237
62656138663430626535653036313062336466356265666462323539393835336230353364323165
33363739666637333631373933376236373765306233633031323330343238363339626238306163
38616336323534613633
